[{"id": 0, "img_name": "vangogh0.000.png", "width": 1919, "height": 1079, "position": [-1.9555576161369854, 3.2443769756246597, -2.342949534312423], "rotation": [[0.8264695720188611, 0.1804759952223528, 0.533269595678829], [0.05545070524221489, 0.9165229055168217, -0.39611990981411666], [-0.5602439342064325, 0.3569512274968447, 0.7474707722536007]], "fy": 2665.628065328135, "fx": 2665.8702097328087}, {"id": 1, "img_name": "vangogh0.001.png", "width": 1919, "height": 1079, "position": [-0.5528439204249616, 3.571678393158289, -2.923974232333961], "rotation": [[0.9422387685197093, 0.1424522311311892, 0.3031393490528868], [-0.013812325493616363, 0.9208061864180026, -0.38977581597476385], [-0.3346570225812094, 0.36307482548378484, 0.8695868837195047]], "fy": 2665.628065328135, "fx": 2665.8702097328087}, {"id": 2, "img_name": "vangogh0.002.png", "width": 1919, "height": 1079, "position": [-2.252701660564288, 0.9967036676918528, -2.767123856743354], "rotation": [[0.8256968351266013, -0.0021097890644636774, 0.5641101712006421], [-0.006529131941916311, 0.9998902819150193, 0.013296411846373691], [-0.5640763307372498, -0.014661954917636597, 0.825592466159905]], "fy": 2665.628065328135, "fx": 2665.8702097328087}, {"id": 3, "img_name": "vangogh0.003.png", "width": 1919, "height": 1079, "position": [-1.4883684699673745, 0.7995564077013587, -0.5573828952754134], "rotation": [[0.8265227840574049, -0.026880058662451283, 0.5622611047194174], [-0.01467665352393913, 0.9974905536304962, 0.06926175899631988], [-0.5627119007763516, -0.06549853329830546, 0.8240541601499479]], "fy": 2665.628065328135, "fx": 2665.8702097328087}, {"id": 4, "img_name": "vangogh0.004.png", "width": 1919, "height": 1079, "position": [0.020861763347163834, 0.13117568417699152, -1.9695560911590815], "rotation": [[0.9753846235620661, -0.04547723145024715, 0.21576991805696039], [0.02204603891601539, 0.9937110614130344, 0.10978296130772831], [-0.21940557943407063, -0.10232374037827825, 0.9702530823801584]], "fy": 2665.628065328135, "fx": 2665.8702097328087}, {"id": 5, "img_name": "vangogh0.005.png", "width": 1919, "height": 1079, "position": [-1.6590043316246041, 2.3661147571805308, 0.514677731531218], "rotation": [[0.6839526336873879, 0.17283451575410033, 0.7087573809394379], [0.05696389363373534, 0.9559121122940972, -0.28807490066217384], [-0.7272990510747077, 0.23740316706708547, 0.6439532798055673]], "fy": 2665.628065328135, "fx": 2665.8702097328087}, {"id": 6, "img_name": "vangogh0.006.png", "width": 1919, "height": 1079, "position": [1.166410840849738, 3.2407504958092583, -1.7642310133534547], "rotation": [[0.999276178093795, 0.03604575560770624, 0.012158264552456034], [-0.025807305433400936, 0.8771714942299094, -0.47948321419705114], [-0.027948217841664767, 0.47882238169611246, 0.877466822111433]], "fy": 2665.628065328135, "fx": 2665.8702097328087}, {"id": 7, "img_name": "vangogh0.007.png", "width": 1919, "height": 1079, "position": [0.3076581780505341, 2.039227892237852, -2.5813909054577895], "rotation": [[0.9820226966319402, 0.0773115078011843, 0.1722043961728025], [-0.04936900837188009, 0.9857179756430247, -0.1610055076902487], [-0.1821925473561126, 0.149609502558243, 0.9718142170354196]], "fy": 2665.628065328135, "fx": 2665.8702097328087}, {"id": 8, "img_name": "vangogh0.008.png", "width": 1919, "height": 1079, "position": [1.877555867150227, 0.9789681710096393, -0.7220029117275729], "rotation": [[0.9548889866632407, 0.15355788492886968, -0.2541790690151747], [-0.1721875144187219, 0.9836584912434648, -0.05260639203493083], [0.24194727323851234, 0.09399972649323203, 0.9657254104514629]], "fy": 2665.628065328135, "fx": 2665.8702097328087}, {"id": 9, "img_name": "vangogh0.009.png", "width": 1919, "height": 1079, "position": [1.3876374313310553, 0.17601188578431362, -1.4831312603091602], "rotation": [[0.9999999995064615, 2.403373060900534e-05, -2.0235040701578818e-05], [-2.4031619425809115e-05, 0.9999999942691986, 0.00010432681383528325], [2.023754794815483e-05, -0.00010432632750299673, 0.9999999943532294]], "fy": 2665.628065328135, "fx": 2665.8702097328087}, {"id": 10, "img_name": "vangogh0.010.png", "width": 1919, "height": 1079, "position": [-2.496602361682282, 1.5063592063042899, -0.71274976766486], "rotation": [[0.5277536923634825, 0.044334661847086634, 0.8482396347469359], [0.1583198871375085, 0.9760020751104744, -0.1495150919366136], [-0.8345123447460061, 0.21320034507230967, 0.5080696402340636]], "fy": 2665.628065328135, "fx": 2665.8702097328087}, {"id": 11, "img_name": "vangogh0.011.png", "width": 1919, "height": 1079, "position": [-0.6556096473546176, 0.6790471102108696, 2.6982874291931025], "rotation": [[-0.23371261304765922, -0.010220328036159564, 0.9722520040592709], [0.2897457453027068, 0.9537814900935724, 0.07967604554609692], [-0.9281302805002187, 0.3003271783400864, -0.21994946776218366]], "fy": 2665.628065328135, "fx": 2665.8702097328087}, {"id": 12, "img_name": "vangogh0.012.png", "width": 1919, "height": 1079, "position": [-0.7248452292815425, -1.3351838658393975, 0.8547049601758924], "rotation": [[0.7640471409009675, -0.20991919821057195, 0.6100540113003827], [-0.021588539109678787, 0.9367366592580834, 0.349368524886137], [-0.6447991171366216, -0.2801041974420162, 0.7111791174628211]], "fy": 2665.628065328135, "fx": 2665.8702097328087}, {"id": 13, "img_name": "vangogh0.013.png", "width": 1919, "height": 1079, "position": [-0.33241686287262356, -1.5998552532259422, 3.2766658282478787], "rotation": [[-0.4168539156750561, -0.5453552137645341, 0.7272004564122689], [0.23522661337941198, 0.7080501493949983, 0.665832881660085], [-0.8780098253120094, 0.4486119445150335, -0.16687141724697682]], "fy": 2665.628065328135, "fx": 2665.8702097328087}, {"id": 14, "img_name": "vangogh0.014.png", "width": 1919, "height": 1079, "position": [0.4933615608003317, -2.082698900913173, 4.914029609579529], "rotation": [[-0.7118177573975109, -0.448406399066504, 0.5405989100338529], [0.05524488485376506, 0.7315555995212139, 0.679539849829759], [-0.7001881768146849, 0.5135738565049515, -0.4959621063786616]], "fy": 2665.628065328135, "fx": 2665.8702097328087}, {"id": 15, "img_name": "vangogh0.015.png", "width": 1919, "height": 1079, "position": [0.664631994156394, -2.2668979555332585, 4.714156679198695], "rotation": [[-0.8835616318906038, 0.40955803785683353, 0.22711463246051308], [0.3667428548538497, 0.30352681875106335, 0.8794152311124178], [0.2912361946332591, 0.8603102253987918, -0.4183871353302093]], "fy": 2665.628065328135, "fx": 2665.8702097328087}, {"id": 16, "img_name": "vangogh0.016.png", "width": 1919, "height": 1079, "position": [1.974994565746109, -1.6237560669811535, 4.2683334513810935], "rotation": [[-0.9206278478236668, 0.38993056689771005, -0.019962935916180796], [0.15261265011797603, 0.40643880348189415, 0.9008423158623126], [0.3593796666973957, 0.8262939259265054, -0.43368721809782657]], "fy": 2665.628065328135, "fx": 2665.8702097328087}, {"id": 17, "img_name": "vangogh0.017.png", "width": 1919, "height": 1079, "position": [3.4933200156287882, -2.5882335532549874, 2.7243845192485683], "rotation": [[0.01787425866935735, 0.9358725457711706, -0.35188505076062676], [-0.17040669536213676, 0.34964353991530867, 0.9212550966867146], [0.9852116874320852, 0.04349681674881418, 0.16572856687953139]], "fy": 2665.628065328135, "fx": 2665.8702097328087}, {"id": 18, "img_name": "vangogh0.018.png", "width": 1919, "height": 1079, "position": [3.4849487750201447, -2.471423078169496, 1.724187070038547], "rotation": [[0.34888355421569767, 0.7588667301455968, -0.5499104940587622], [-0.18510967889529606, 0.6310208762365317, 0.7533571931912245], [0.9187027116413136, -0.16104018017814517, 0.36062638282727993]], "fy": 2665.628065328135, "fx": 2665.8702097328087}, {"id": 19, "img_name": "vangogh0.019.png", "width": 1919, "height": 1079, "position": [1.728235538616633, -1.5341000947441652, -1.1607226682545289], "rotation": [[0.9690008479786012, 0.23969536509911618, -0.05986224658959055], [-0.19162445041114365, 0.8821253810871336, 0.43027303197679795], [0.1559404585775568, -0.40546386274473445, 0.9007117349000957]], "fy": 2665.628065328135, "fx": 2665.8702097328087}]